---
build/assets/images/work_designsystem_phone.png: 2016-05-20 15:00:40.000000000 +10:00
build/assets/images/worklist_bg_design_system.jpg: 2016-05-20 15:00:37.000000000 +10:00
build/assets/images/worklist_bg_design_system.png: 2016-05-20 15:00:41.000000000 +10:00
build/assets/images/worklist_bg_meinl.jpg: 2016-05-20 11:01:39.000000000 +10:00
build/assets/images/worklist_bg_pursuit.jpg: 2016-05-20 15:00:37.000000000 +10:00
build/assets/images/worklist_bg_shakespeare.jpg: 2016-05-20 15:00:37.000000000 +10:00
build/assets/images/worklist_bg_webfontblender.png: 2016-05-20 11:01:47.000000000
  +10:00
